%Aufgabe D8
A=[2 3 1; 4 1 4;3 4 6];
B=[-4 9 0]';
x=A\B